# Macro-record
place(-2.128, 1.000, 39.487, "Military Base", 600)
place(7.629, 1.000, 34.347, "Military Base", 600)
place(12.353, 1.000, 26.958, "Military Base", 600)
upgrade(-2.128, 1.000, 39.487, 300)
place(17.727, 1.000, 21.768, "Military Base", 600)
place(20.235, 1.000, 13.943, "Military Base", 600)
place(-1.402, 3.600, 2.941, "Pursuit", 4500)
upgrade(-2.128, 1.000, 39.487, 600)
upgrade(-2.128, 1.000, 39.487, 2625)
upgrade(7.629, 1.000, 34.347, 300)
upgrade(7.629, 1.000, 34.347, 600)
upgrade(12.353, 1.000, 26.958, 300)
upgrade(12.353, 1.000, 26.958, 600)
upgrade(12.353, 1.000, 26.958, 2625)
upgrade(17.727, 1.000, 21.768, 300)
upgrade(17.727, 1.000, 21.768, 600)
upgrade(20.235, 1.000, 13.943, 300)
upgrade(20.235, 1.000, 13.943, 600)
upgrade(-2.128, 1.000, 39.487, 11250)
upgrade(-2.128, 1.000, 39.487, 37500)
upgrade(7.629, 1.000, 34.347, 2625)
upgrade(7.629, 1.000, 34.347, 11250)
upgrade(12.353, 1.000, 26.958, 11250)
upgrade(12.353, 1.000, 26.958, 37500)
upgrade(17.727, 1.000, 21.768, 2625)
upgrade(17.727, 1.000, 21.768, 11250)
upgrade(20.235, 1.000, 13.943, 2625)
upgrade(20.235, 1.000, 13.943, 11250)
place(1.385, 1.000, 5.917, "Mercenary Base", 3000)
upgrade(1.385, 0.975, 5.917, 1500)
upgrade(1.385, 0.975, 5.917, 3000)
upgrade(1.385, 0.975, 5.917, 10500)
upgrade(1.385, 0.975, 5.917, 15000)
SetMercenaryUnit(1.385, 0.975, 5.917, "Unit 3", "Riot Guard", 1436)
SetMercenaryUnit(1.385, 0.975, 5.917, "Unit 2", "Riot Guard", 1436)
SetMercenaryUnit(1.385, 0.975, 5.917, "Unit 1", "Riot Guard", 1436)
upgrade(1.385, 0.975, 5.917, 22500)
upgrade(1.385, 0.975, 5.917, 52500)
upgrade(-1.402, 4.434, 2.941, 1800)
upgrade(-1.402, 4.434, 2.941, 2775)
upgrade(-1.402, 4.434, 2.941, 7500)
place(2.208, 3.600, 2.983, "Pursuit", 4500)
upgrade(2.208, 4.434, 2.983, 1800)
upgrade(2.208, 4.434, 2.983, 2775)
upgrade(2.208, 4.434, 2.983, 7500)
upgrade(2.208, 4.434, 2.983, 9146)
place(5.509, 3.600, 3.013, "Pursuit", 4500)
upgrade(5.509, 4.434, 3.013, 1800)
upgrade(5.509, 4.434, 3.013, 2775)
AirDrop(1.385, 0.975, 5.917, 22.185, 1.125, -31.107, 1, 191.803, 2555)
upgrade(5.509, 4.434, 3.013, 7500)
upgrade(5.509, 4.434, 3.013, 56543)
place(-1.299, 3.600, -0.282, "Pursuit", 4500)
upgrade(-1.299, 4.434, -0.282, 1800)
upgrade(-1.299, 4.434, -0.282, 2775)
upgrade(-1.299, 4.434, -0.282, 7500)
place(2.282, 3.600, -0.102, "Pursuit", 4500)
upgrade(2.282, 4.434, -0.102, 1800)
upgrade(2.282, 4.434, -0.102, 2775)
upgrade(2.282, 4.434, -0.102, 7500)
place(6.837, 1.000, 5.295, "Pursuit", 4500)
upgrade(6.837, 1.834, 5.295, 1800)
upgrade(6.837, 1.834, 5.295, 2775)
upgrade(6.837, 1.834, 5.295, 7500)
place(3.025, 1.000, -42.967, "Mercenary Base", 3000)
upgrade(3.025, 0.975, -42.967, 1500)
upgrade(3.025, 0.975, -42.967, 3000)
upgrade(3.025, 0.975, -42.967, 10500)
upgrade(3.025, 0.975, -42.967, 15000)
upgrade(3.025, 0.975, -42.967, 22500)
SetMercenaryUnit(3.025, 0.975, -42.967, "Unit 3", "Riot Guard", 7499)
SetMercenaryUnit(3.025, 0.975, -42.967, "Unit 2", "Riot Guard", 7499)
SetMercenaryUnit(3.025, 0.975, -42.967, "Unit 1", "Riot Guard", 8477)
upgrade(3.025, 0.975, -42.967, 52500)
upgrade(3.025, 0.975, -42.967, 73721)
place(-3.397, 1.000, -39.938, "Mercenary Base", 3000)
upgrade(-3.397, 0.975, -39.938, 1500)
upgrade(-3.397, 0.975, -39.938, 3000)
upgrade(-3.397, 0.975, -39.938, 10500)
upgrade(-3.397, 0.975, -39.938, 15000)
SetMercenaryUnit(-3.397, 0.975, -39.938, "Unit 3", "Riot Guard", 7981)
SetMercenaryUnit(-3.397, 0.975, -39.938, "Unit 2", "Riot Guard", 7981)
SetMercenaryUnit(-3.397, 0.975, -39.938, "Unit 1", "Riot Guard", 7981)
upgrade(-3.397, 0.975, -39.938, 22500)
upgrade(-3.397, 0.975, -39.938, 52500)
upgrade(-2.128, 1.000, 39.487, 45005)
upgrade(7.629, 1.000, 34.347, 37500)
upgrade(12.353, 1.000, 26.958, 37536)
upgrade(17.727, 1.000, 21.768, 37500)
upgrade(20.235, 1.000, 13.943, 37500)
upgrade(-1.402, 4.434, 2.941, 138600)
upgrade(-1.402, 4.434, 2.941, 111600)
upgrade(2.208, 4.434, 2.983, 44100)
upgrade(2.208, 4.434, 2.983, 72556)
upgrade(5.509, 4.434, 3.013, 29219)
upgrade(5.509, 4.434, 3.013, 79605)
upgrade(2.282, 4.434, -0.102, 45118)
upgrade(2.282, 4.434, -0.102, 68929)
upgrade(-1.299, 4.434, -0.282, 31701)
upgrade(-1.299, 4.434, -0.282, 69936)
upgrade(6.837, 1.834, 5.295, 33997)
upgrade(6.837, 1.834, 5.295, 27390)
place(-3.354, 6.846, 2.507, "Ranger", 6750)
upgrade(-3.354, 8.196, 2.507, 2250)
upgrade(-3.354, 8.196, 2.507, 6750)
upgrade(-3.354, 8.196, 2.507, 20250)
upgrade(-3.354, 8.196, 2.507, 45000)
place(-2.861, 6.846, -0.572, "Ranger", 6750)
upgrade(-2.861, 8.196, -0.572, 2250)
upgrade(-2.861, 8.196, -0.572, 6750)
upgrade(-2.861, 8.196, -0.572, 20250)
upgrade(-2.861, 8.196, -0.572, 45000)
place(-6.058, 6.846, 1.087, "Ranger", 6750)
upgrade(-6.058, 8.196, 1.087, 2250)
upgrade(-6.058, 8.196, 1.087, 6750)
upgrade(-6.058, 8.196, 1.087, 20250)
upgrade(-6.058, 8.196, 1.087, 45000)
upgrade(-6.058, 8.196, 1.087, 60380)
place(-5.561, 6.846, -1.915, "Ranger", 6750)
upgrade(-5.561, 8.196, -1.915, 2250)
upgrade(-5.561, 8.196, -1.915, 6750)
upgrade(-5.561, 8.196, -1.915, 20250)
upgrade(-5.561, 8.196, -1.915, 45000)
upgrade(-5.561, 8.196, -1.915, 169250)
place(6.900, 8.510, 1.440, "Ranger", 6750)
upgrade(6.900, 9.860, 1.440, 2250)
upgrade(6.900, 9.860, 1.440, 6750)
upgrade(6.900, 9.860, 1.440, 20250)
upgrade(6.900, 9.860, 1.440, 45000)
place(7.106, 8.510, -1.569, "Ranger", 6750)
upgrade(7.106, 9.860, -1.569, 2250)
upgrade(7.106, 9.860, -1.569, 6750)
upgrade(7.106, 9.860, -1.569, 20250)
upgrade(7.106, 9.860, -1.569, 45000)
place(8.742, 9.918, -0.097, "Ranger", 6750)
place(9.685, 9.918, -0.094, "Ranger", 6750)
upgrade(9.685, 11.268, -0.094, 2250)
upgrade(9.685, 11.268, -0.094, 6750)
upgrade(9.685, 11.268, -0.094, 20250)
upgrade(9.685, 11.268, -0.094, 45000)
place(12.701, 9.918, 0.311, "Ranger", 6750)
upgrade(12.701, 11.268, 0.311, 2250)
upgrade(12.701, 11.268, 0.311, 6750)
upgrade(12.701, 11.268, 0.311, 20250)
SetMercenaryUnit(1.385, 0.975, 5.917, "Unit 1", "Rifleman", 79506)
SetMercenaryUnit(1.385, 0.975, 5.917, "Unit 2", "Rifleman", 101538)
SetMercenaryUnit(1.385, 0.975, 5.917, "Unit 3", "Rifleman", 101538)
SetMercenaryUnit(3.025, 0.975, -42.967, "Unit 1", "Rifleman", 127434)
SetMercenaryUnit(3.025, 0.975, -42.967, "Unit 2", "Rifleman", 127434)
SetMercenaryUnit(3.025, 0.975, -42.967, "Unit 3", "Rifleman", 127434)
SetMercenaryUnit(-3.397, 0.975, -39.938, "Unit 1", "Field Medic", 141434)
SetMercenaryUnit(-3.397, 0.975, -39.938, "Unit 2", "Field Medic", 141434)
SetMercenaryUnit(-3.397, 0.975, -39.938, "Unit 3", "Field Medic", 141434)
upgrade(12.701, 11.268, 0.311, 45000)
place(4.225, 1.000, 11.172, "Turret", 7500)
upgrade(4.225, 1.950, 11.172, 1875)
upgrade(4.225, 1.950, 11.172, 10875)
upgrade(4.225, 1.950, 11.172, 22500)
upgrade(4.225, 1.950, 11.172, 45000)
upgrade(4.225, 1.950, 11.172, 78750)
place(0.417, 1.000, 12.940, "Turret", 7500)
upgrade(0.417, 1.950, 12.940, 1875)
upgrade(0.417, 1.950, 12.940, 10875)
upgrade(0.417, 1.950, 12.940, 22500)
upgrade(0.417, 1.950, 12.940, 45000)
AirDrop(-3.397, 0.975, -39.938, 6.436, 1.125, -36.724, 1, 219.330, 94317)
AirDrop(-3.397, 0.975, -39.938, -0.121, 1.125, -40.827, 1, 224.279, 109417)
AirDrop(3.025, 0.975, -42.967, 12.022, 1.125, -36.837, 1, 210.507, 106919)
AirDrop(1.385, 0.975, 5.917, 5.859, 1.125, -36.731, 1, 215.484, 106917)
upgrade(0.417, 1.950, 12.940, 78750)
place(8.393, 1.000, 11.665, "Turret", 7500)
upgrade(8.393, 1.950, 11.665, 1875)
upgrade(8.393, 1.950, 11.665, 10875)
upgrade(8.393, 1.950, 11.665, 22500)
sell(8.393, 1.950, 11.665)
place(3.361, 3.600, 14.904, "Turret", 7500)
upgrade(3.361, 4.550, 14.904, 1875)
upgrade(3.361, 4.550, 14.904, 10875)
upgrade(3.361, 4.550, 14.904, 22500)
upgrade(3.361, 4.550, 14.904, 45000)
AirDrop(-3.397, 0.975, -39.938, 0.217, 1.125, -39.056, 1, 219.993, 39951)
AirDrop(1.385, 0.975, 5.917, 3.687, 1.125, -36.855, 1, 217.308, 41663)
AirDrop(3.025, 0.975, -42.967, 6.338, 1.125, -36.725, 1, 215.484, 40673)
upgrade(3.361, 4.550, 14.904, 78750)
place(-0.627, 3.600, 16.791, "Turret", 7500)
AirDrop(-3.397, 0.975, -39.938, 4.877, 1.125, -36.743, 1, 215.484, 209288)
AirDrop(3.025, 0.975, -42.967, 2.290, 1.125, -37.098, 1, 218.500, 212788)
AirDrop(1.385, 0.975, 5.917, 2.069, 1.125, -37.150, 1, 218.500, 210288)
AirDrop(1.385, 0.975, 5.917, 8.428, 1.125, -36.738, 1, 213.092, 537078)
AirDrop(3.025, 0.975, -42.967, 9.115, 1.125, -36.753, 1, 210.507, 534578)
AirDrop(-3.397, 0.975, -39.938, 15.030, 1.125, -36.957, 1, 206.298, 532078)
Airstrike(20.235, 1.000, 13.943, 23.904, 1.125, 14.479, 1, 171.137, 529578)
Airstrike(17.727, 1.000, 21.768, 21.078, 1.125, 11.044, 1, 165.992, 529078)
Airstrike(12.353, 1.000, 26.958, 19.838, 1.125, 10.632, 1, 163.951, 528120)
Airstrike(7.629, 1.000, 34.347, 19.868, 1.125, 10.640, 1, 163.951, 528078)
Airstrike(-2.128, 1.000, 39.487, 18.129, 1.125, 10.205, 1, 161.314, 527578)
AirDrop(1.385, 0.975, 5.917, 5.848, 1.125, -36.731, 1, 215.484, 527078)
AirDrop(-3.397, 0.975, -39.938, 6.791, 1.125, -36.720, 1, 215.484, 524578)
AirDrop(3.025, 0.975, -42.967, 7.242, 1.125, -36.715, 1, 215.484, 522078)
Airstrike(20.235, 1.000, 13.943, -19.914, 1.125, 1.614, 1, 117.409, 519578)
Airstrike(17.727, 1.000, 21.768, -19.809, 1.125, 0.586, 1, 116.348, 519078)
Airstrike(12.353, 1.000, 26.958, -19.545, 1.125, -0.652, 1, 115.307, 518578)
Airstrike(7.629, 1.000, 34.347, -17.744, 1.125, -4.234, 1, 111.764, 518078)
Airstrike(-2.128, 1.000, 39.487, -19.379, 1.125, -1.231, 1, 114.321, 517578)
Airstrike(20.235, 1.000, 13.943, -19.379, 1.125, -1.231, 1, 39.588, 517078)
AirDrop(1.385, 0.975, 5.917, 2.225, 1.125, -37.113, 1, 218.500, 517078)
AirDrop(-3.397, 0.975, -39.938, 2.494, 1.125, -37.049, 1, 217.308, 514578)
AirDrop(3.025, 0.975, -42.967, 4.146, 1.125, -36.812, 1, 217.308, 509679)
sell(3.361, 4.550, 14.904)
place(10.155, 1.000, -23.321, "Turret", 7500)
upgrade(10.155, 1.950, -23.321, 1875)
upgrade(10.155, 1.950, -23.321, 10875)
upgrade(10.155, 1.950, -23.321, 22500)
upgrade(10.155, 1.950, -23.321, 45000)
upgrade(10.155, 1.950, -23.321, 78750)
sell(4.225, 1.950, 11.172)
place(14.091, 1.000, -25.176, "Turret", 7500)
upgrade(14.091, 1.950, -25.176, 1875)
upgrade(14.091, 1.950, -25.176, 10875)
upgrade(14.091, 1.950, -25.176, 22500)
upgrade(14.091, 1.950, -25.176, 45000)
upgrade(14.091, 1.950, -25.176, 78750)
sell(0.417, 1.950, 12.940)
AirDrop(-3.397, 0.975, -39.938, 0.673, 1.125, -37.978, 1, 219.993, 269153)
AirDrop(3.025, 0.975, -42.967, -0.124, 1.125, -40.977, 1, 224.279, 266653)
AirDrop(1.385, 0.975, 5.917, 0.181, 1.125, -39.170, 1, 221.649, 264153)
Airstrike(20.235, 1.000, 13.943, 22.154, 1.125, -13.749, 1, 57.233, 261653)
place(12.110, 1.000, -28.681, "Turret", 7500)
upgrade(12.110, 1.950, -28.681, 1875)
upgrade(12.110, 1.950, -28.681, 10875)
upgrade(12.110, 1.950, -28.681, 22500)
upgrade(12.110, 1.950, -28.681, 45000)
upgrade(12.110, 1.950, -28.681, 78750)
upgrade(12.110, 1.950, -28.681, 150155)
